6859
4007
9872
9342
312
4465
8735
8812
3862
8914
9589
5297
6667
8505
1445
6398
9038
6137
5636
7663
4160
7732
8584
7911
7499
8513
4276
6750
4766
8856
9088
6430
9752
9481
7195
6790
6686
6339
8282
9045
7823
1395
515
1430
5928
6707
793
7289
3010
5683
1228
4122
1247
7217
5432
301
9349
5506
769
4692
7802
803
3009
3263
9416
4089
7950
5900
7367
1710
575
6139
1549
4390
5990
6251
5465
8730
8046
266
98
8258
862
7867
8265
5456
5706
2829
2804
5758
689
704
4594
9472
3547
1763
1915
7825
8411
6898
923
4875
5943
6115
8127
7900
2442
1534
9674
5075
7612
9418
8965
725
2569
8622
3691
5252
9364
6098
5693
8956
789
3582
2250
6408
4594
3471
5370
755
9327
6004
6429
5423
9
4354
7140
4032
565
9000
4217
8022
6557
7842
4360
5496
6094
3913
8193
4072
9042
8275
6676
5176
4631
1683
1144
7124
5396
4957
8639
9588
1019
4664
7457
2614
9085
7635
3966
9197
1031
5168
647
1634
627
5309
7047
8349
9225
9538
9872
9691
6705
8385
5805
8338
9552
9025
786
2362
7833
6735
2501
6754
957
1276
8572
2267
8075
8675
1591
8805
2706
8707
3522
4270
2778
8430
6238
8756
6641
2553
2007
8320
2796
2099
7577
2145
6123
3892
8190
1850
6190
4679
3335
1970
3859
5422
4328
6145
876
3172
4915
4469
3359
290
29
3594
4196
3322
4526
2699
1241
6746
3299
5245
7888
26
6492
8539
116
9936
8741
567
9436
3941
9304
6316
4269
4594
758
3839
3275
9344
7552
3694
2879
4950
2097
4085
7826
775
5314
7998
7989
620
612
7958
6834
8505
5110
8640
6964
9783
9571
7495
5997
5363
9034
8808
1651
3422
9372
7153
8352
9972
1147
2079
8984
6931
1024
7048
4395
3914
2747
2131
246
7867
4226
1796
5417
2893
4608
6200
8724
1134
5420
6886
1036
4398
2799
5466
7975
5404
3651
6989
4382
6939
7174
8014
5437
7043
4587
3120
940
8371
4146
2556
8613
347
5569
8071
9501
3361
7835
3547
3543
5370
7011
2018
6219
2522
6198
889
7805
7134
8035
2729
5230
8275
1246
9876
2757
2512
6670
7284
1831
4947
4938
9533
2264
3569
7471
4709
6681
3179
4871
30
7617
8654
1915
1455
2000
1152
6343
2330
887
5032
9428
4126
3256
7691
9921
5726
1434
9341
9377
6377
2299
4779
6087
1445
2788
4670
6903
9383
432
9514
1080
2972
9654
5537
7925
7808
2393
8062
535
6261
7238
4568
1182
5682
4716
6628
13
5508
7637
7155
7654
9099
4458
7005
4027
2626
525
2889
225
5147
6763
6714
7672
1113
7842
5060
8920
8995
2246
6296
7448
7454
4730
1997
9595
3537
7658
8792
389
5746
1435
6559
6407
8524
5832
8934
3092
3677
3405
2551
924
8572
3363
2103
4753
558
9305
9356
3237
1998
7015
5591
810
546
9182
8582
2909
4852
2326
7198
6285
6739
7500
8993
121
7108
383
8705
450
4290
8282
8540
9865
381
1255
4272
6889
3226
2071
4758
4540
9125
5047
6286
5585
4115
6947
7324
2797
9694
4059
3710
6109
2260
8330
9080
4980
4202
2032
461
3532
8571
4779
4283
8030
8582
8945
3868
1157
7795
9531
5396
5189
6772
2345
5739
6656
7252
0
2195
8362
5422
8691
1081
746
1755
9954
9487
3487
6058
687
2008
9967
2863
1619
2224
1766
4104
9071
6888
7702
3150
7407
9306
2107
6676
9851
7249
4
8631
3522
9857
2629
3569
454
7497
5368
5036
148
8270
1580
8343
767
4987
10
6067
5466
6806
526
8933
7557
467
2797
4331
3210
7033
5154
9683
3220
1463
6392
8085
5995
3901
1541
9230
2373
3617
3737
9482
9149
8736
8255
1143
2230
7534
1475
2465
2264
9947
7116
6743
5258
1169
4399
980
8204
2732
7990
2001
5093
299
7543
675
1784
1568
5451
2945
9174
2111
5017
9735
2866
1789
7681
6480
4093
9452
7168
7040
1073
9020
435
6036
2116
5783
201
8289
1870
7771
1449
3964
9872
3361
4828
3264
6227
2982
3119
5084
2678
9704
3073
9896
8593
789
3824
8314
465
9873
4817
3302
405
7329
725
5771
3806
4607
8194
443
8870
6839
9406
1288
1001
6850
440
3588
3224
2874
8201
2732
9702
1717
8284
8226
3223
8904
7560
5059
9066
7425
9503
3608
7069
7092
7309
3505
892
7243
9723
6574
8506
6545
7148
8837
734
4987
1083
1830
5322
4816
8251
9073
2464
9107
1849
4337
3961
8960
6302
4590
2256
2898
8596
1984
7499
4916
8840
6021
469
888
5040
9204
6688
6524
2239
6874
2416
3925
4147
4691
6306
7946
6206
5276
1479
8008
2590
8896
1535
5801
6111
1753
557
4411
9179
9449
1601
9777
6041
2468
320
1125
1365
5191
392
3039
7894
9830
5256
8164
6396
1963
6284
6197
4387
4879
961
1773
6260
5818
5910
1136
6321
8375
8682
5077
7989
1835
9085
3497
6955
9996
5567
5211
3437
9182
4626
5086
8845
7556
1602
9471
5143
5599
9279
25
992
672
6722
5513
7354
6964
4503
899
6654
5773
4060
3168
3839
111
8306
3724
4682
1884
7813
7873
6580
9553
1890
2998
9712
9089
6717
8291
1937
1289
3312
639
9087
4088
6576
3143
3408
9341
2891
5095
6845
9766
7857
4785
2558
3205
7599
9410
7628
8184
6805
9595
2248
6863
4145
9544
5869
8905
1055
7670
8744
2530
2993
6730
8103
7079
3234
6914
1813
4795
8029
161
8753
8182
8509
9019
4417
3326
9120
8790
2247
8849
4572
7410
6092
4796
7268
3538
6819
5687
5036
9663
6623
7197
4607
3696
7830
6507
9710
9464
9116
2210
3960
3815
987
869
7739
5621
4063
3785
5183
9860
8288
9370
2085
8193
8509
3611
8019
5941
2056
3577
6322
4256
6917
6620
3705
5375
4908
1027
7217
8351
2831
2207
28
2408
6022
2205
9088
5163
2951
9321
7095
3356
6535
8912
8401
4449
7705
6090
3506
8462
9440
5940
9589
777
4925
7150
5188
8269
1827
472
5570
3101
